Id,Prediction
350000,-1
350050,-1
350100,-1
350150,1
350200,-1
350250,1
350300,1
350350,1
350400,-1
350450,1
350500,-1
350550,-1
350600,-1
350650,-1
350700,1
350750,1
350800,1
350850,1
350900,-1
350950,-1
351000,1
351050,-1
351100,-1
351150,1
351200,-1
351250,1
351300,-1
351350,1
351400,1
351450,1
351500,-1
351550,-1
351600,1
351650,-1
351700,-1
351750,1
351800,-1
351850,1
351900,1
351950,-1
352000,-1
352050,-1
352100,-1
352150,1
352200,-1
352250,1
352300,-1
352350,1
352400,-1
352450,-1
352500,-1
352550,1
352600,1
352650,-1
352700,-1
352750,-1
352800,-1
352850,-1
352900,-1
352950,-1
353000,-1
353050,1
353100,-1
353150,-1
353200,1
353250,1
353300,-1
353350,1
353400,1
353450,1
353500,1
353550,-1
353600,-1
353650,1
353700,-1
353750,-1
353800,-1
353850,1
353900,-1
353950,-1
354000,-1
354050,-1
354100,-1
354150,1
354200,-1
354250,1
354300,-1
354350,1
354400,-1
354450,-1
354500,1
354550,1
354600,1
354650,-1
354700,1
354750,1
354800,-1
354850,1
354900,-1
354950,1
355000,-1
355050,1
355100,-1
355150,1
355200,1
355250,1
355300,-1
355350,-1
355400,-1
355450,1
355500,-1
355550,-1
355600,-1
355650,-1
355700,-1
355750,-1
355800,-1
355850,-1
355900,1
355950,-1
356000,-1
356050,-1
356100,-1
356150,-1
356200,1
356250,-1
356300,-1
356350,-1
356400,-1
356450,-1
356500,1
356550,1
356600,-1
356650,-1
356700,1
356750,-1
356800,-1
356850,1
356900,1
356950,1
357000,1
357050,1
357100,-1
357150,-1
357200,1
357250,-1
357300,1
357350,1
357400,-1
357450,-1
357500,-1
357550,1
357600,-1
357650,1
357700,1
357750,1
357800,-1
357850,-1
357900,1
357950,1
358000,-1
358050,-1
358100,-1
358150,-1
358200,-1
358250,-1
358300,-1
358350,-1
358400,-1
358450,-1
358500,-1
358550,-1
358600,-1
358650,1
358700,-1
358750,-1
358800,1
358850,-1
358900,-1
358950,-1
359000,1
359050,1
359100,-1
359150,-1
359200,1
359250,-1
359300,-1
359350,-1
359400,-1
359450,-1
359500,-1
359550,1
359600,1
359650,-1
359700,-1
359750,-1
359800,1
359850,-1
359900,1
359950,-1
360000,-1
360050,-1
360100,1
360150,-1
360200,-1
360250,-1
360300,-1
360350,-1
360400,1
360450,-1
360500,-1
360550,-1
360600,-1
360650,-1
360700,-1
360750,-1
360800,-1
360850,1
360900,-1
360950,-1
361000,-1
361050,-1
361100,-1
361150,-1
361200,-1
361250,-1
361300,-1
361350,1
361400,-1
361450,-1
361500,-1
361550,-1
361600,1
361650,1
361700,1
361750,1
361800,1
361850,-1
361900,-1
361950,-1
362000,-1
362050,-1
362100,-1
362150,1
362200,1
362250,-1
362300,-1
362350,1
362400,-1
362450,1
362500,-1
362550,-1
362600,1
362650,1
362700,-1
362750,-1
362800,-1
362850,1
362900,-1
362950,1
363000,-1
363050,1
363100,-1
363150,1
363200,-1
363250,1
363300,1
363350,-1
363400,-1
363450,-1
363500,1
363550,-1
363600,1
363650,-1
363700,-1
363750,1
363800,-1
363850,1
363900,-1
363950,-1
364000,1
364050,1
364100,1
364150,1
364200,-1
364250,-1
364300,-1
364350,1
364400,-1
364450,-1
364500,-1
364550,1
364600,1
364650,1
364700,-1
364750,1
364800,-1
364850,1
364900,1
364950,1
365000,1
365050,1
365100,-1
365150,1
365200,-1
365250,-1
365300,-1
365350,1
365400,-1
365450,1
365500,1
365550,1
365600,1
365650,-1
365700,-1
365750,-1
365800,-1
365850,-1
365900,1
365950,1
366000,-1
366050,1
366100,-1
366150,1
366200,-1
366250,1
366300,-1
366350,-1
366400,-1
366450,1
366500,-1
366550,-1
366600,-1
366650,1
366700,-1
366750,-1
366800,1
366850,1
366900,1
366950,1
367000,1
367050,1
367100,-1
367150,1
367200,-1
367250,1
367300,-1
367350,1
367400,-1
367450,-1
367500,1
367550,-1
367600,1
367650,-1
367700,1
367750,-1
367800,1
367850,1
367900,1
367950,1
368000,1
368050,-1
368100,1
368150,1
368200,1
368250,-1
368300,1
368350,-1
368400,1
368450,1
368500,1
368550,1
368600,-1
368650,-1
368700,-1
368750,-1
368800,1
368850,1
368900,1
368950,1
369000,-1
369050,1
369100,1
369150,1
369200,-1
369250,-1
369300,-1
369350,1
369400,-1
369450,-1
369500,1
369550,1
369600,-1
369650,1
369700,-1
369750,-1
369800,-1
369850,-1
369900,1
369950,1
370000,1
370050,1
370100,-1
370150,1
370200,-1
370250,1
370300,-1
370350,1
370400,-1
370450,-1
370500,-1
370550,1
370600,-1
370650,-1
370700,1
370750,1
370800,-1
370850,1
370900,-1
370950,1
371000,-1
371050,1
371100,-1
371150,-1
371200,-1
371250,1
371300,1
371350,-1
371400,1
371450,-1
371500,-1
371550,-1
371600,1
371650,1
371700,1
371750,1
371800,-1
371850,1
371900,1
371950,-1
372000,-1
372050,-1
372100,1
372150,-1
372200,-1
372250,1
372300,1
372350,-1
372400,1
372450,1
372500,-1
372550,-1
372600,1
372650,1
372700,1
372750,-1
372800,-1
372850,-1
372900,-1
372950,-1
373000,1
373050,1
373100,-1
373150,-1
373200,1
373250,-1
373300,-1
373350,-1
373400,-1
373450,1
373500,1
373550,1
373600,1
373650,-1
373700,1
373750,-1
373800,1
373850,1
373900,-1
373950,-1
374000,-1
374050,-1
374100,1
374150,-1
374200,1
374250,-1
374300,-1
374350,1
374400,-1
374450,-1
374500,1
374550,-1
374600,-1
374650,1
374700,1
374750,1
374800,-1
374850,-1
374900,1
374950,-1
375000,-1
375050,1
375100,1
375150,1
375200,1
375250,-1
375300,1
375350,-1
375400,-1
375450,1
375500,-1
375550,-1
375600,-1
375650,-1
375700,1
375750,1
375800,-1
375850,-1
375900,-1
375950,-1
376000,-1
376050,-1
376100,1
376150,1
376200,1
376250,-1
376300,-1
376350,-1
376400,-1
376450,1
376500,-1
376550,-1
376600,-1
376650,-1
376700,-1
376750,-1
376800,1
376850,-1
376900,1
376950,1
377000,1
377050,-1
377100,-1
377150,-1
377200,1
377250,1
377300,-1
377350,-1
377400,1
377450,-1
377500,-1
377550,1
377600,-1
377650,1
377700,1
377750,-1
377800,1
377850,1
377900,1
377950,1
378000,1
378050,-1
378100,-1
378150,1
378200,-1
378250,1
378300,1
378350,1
378400,-1
378450,1
378500,1
378550,-1
378600,-1
378650,1
378700,-1
378750,-1
378800,1
378850,-1
378900,-1
378950,-1
379000,1
379050,1
379100,1
379150,-1
379200,1
379250,1
379300,1
379350,1
379400,-1
379450,1
379500,-1
379550,-1
379600,1
379650,1
379700,-1
379750,1
379800,-1
379850,-1
379900,1
379950,-1
380000,1
380050,-1
380100,1
380150,1
380200,1
380250,1
380300,1
380350,-1
380400,-1
380450,1
380500,-1
380550,1
380600,-1
380650,-1
380700,-1
380750,-1
380800,1
380850,1
380900,1
380950,-1
381000,1
381050,-1
381100,-1
381150,-1
381200,-1
381250,-1
381300,1
381350,-1
381400,1
381450,1
381500,-1
381550,-1
381600,-1
381650,1
381700,1
381750,1
381800,1
381850,-1
381900,-1
381950,1
382000,1
382050,1
382100,1
382150,1
382200,1
382250,1
382300,1
382350,-1
382400,-1
382450,-1
382500,-1
382550,1
382600,-1
382650,1
382700,1
382750,-1
382800,-1
382850,-1
382900,1
382950,-1
383000,-1
383050,1
383100,-1
383150,-1
383200,-1
383250,1
383300,1
383350,-1
383400,-1
383450,1
383500,1
383550,-1
383600,-1
383650,1
383700,1
383750,-1
383800,-1
383850,1
383900,-1
383950,1
384000,-1
384050,-1
384100,-1
384150,-1
384200,-1
384250,-1
384300,1
384350,-1
384400,-1
384450,1
384500,-1
384550,-1
384600,-1
384650,-1
384700,-1
384750,-1
384800,-1
384850,-1
384900,-1
384950,-1
385000,-1
385050,-1
385100,-1
385150,1
385200,-1
385250,-1
385300,-1
385350,-1
385400,-1
385450,-1
385500,-1
385550,1
385600,-1
385650,-1
385700,1
385750,-1
385800,1
385850,-1
385900,-1
385950,-1
386000,-1
386050,-1
386100,1
386150,-1
386200,1
386250,-1
386300,1
386350,-1
386400,1
386450,-1
386500,1
386550,1
386600,1
386650,-1
386700,1
386750,-1
386800,-1
386850,1
386900,1
386950,1
387000,-1
387050,-1
387100,-1
387150,-1
387200,-1
387250,-1
387300,-1
387350,1
387400,-1
387450,1
387500,1
387550,-1
387600,1
387650,-1
387700,-1
387750,1
387800,1
387850,1
387900,-1
387950,-1
388000,1
388050,-1
388100,1
388150,-1
388200,1
388250,-1
388300,-1
388350,-1
388400,-1
388450,-1
388500,1
388550,1
388600,1
388650,-1
388700,1
388750,1
388800,-1
388850,-1
388900,-1
388950,-1
389000,-1
389050,-1
389100,1
389150,-1
389200,-1
389250,-1
389300,-1
389350,1
389400,1
389450,1
389500,1
389550,1
389600,1
389650,-1
389700,-1
389750,1
389800,1
389850,1
389900,1
389950,1
390000,1
390050,1
390100,-1
390150,-1
390200,-1
390250,-1
390300,1
390350,-1
390400,1
390450,-1
390500,-1
390550,-1
390600,-1
390650,1
390700,1
390750,-1
390800,-1
390850,-1
390900,-1
390950,-1
391000,-1
391050,1
391100,-1
391150,-1
391200,-1
391250,1
391300,-1
391350,-1
391400,-1
391450,-1
391500,-1
391550,-1
391600,-1
391650,-1
391700,1
391750,1
391800,-1
391850,1
391900,1
391950,-1
392000,-1
392050,1
392100,1
392150,-1
392200,-1
392250,-1
392300,-1
392350,-1
392400,-1
392450,1
392500,-1
392550,-1
392600,1
392650,1
392700,-1
392750,-1
392800,-1
392850,1
392900,-1
392950,-1
393000,-1
393050,1
393100,-1
393150,-1
393200,-1
393250,1
393300,1
393350,-1
393400,-1
393450,-1
393500,-1
393550,1
393600,-1
393650,-1
393700,1
393750,1
393800,-1
393850,-1
393900,-1
393950,-1
394000,-1
394050,1
394100,1
394150,1
394200,1
394250,1
394300,1
394350,1
394400,1
394450,-1
394500,-1
394550,-1
394600,-1
394650,1
394700,-1
394750,1
394800,-1
394850,1
394900,1
394950,-1
395000,1
395050,-1
395100,-1
395150,1
395200,1
395250,-1
395300,-1
395350,-1
395400,-1
395450,1
395500,-1
395550,1
395600,-1
395650,-1
395700,-1
395750,1
395800,1
395850,1
395900,1
395950,-1
396000,1
396050,-1
396100,-1
396150,-1
396200,1
396250,-1
396300,-1
396350,-1
396400,-1
396450,1
396500,1
396550,-1
396600,1
396650,1
396700,1
396750,-1
396800,1
396850,1
396900,-1
396950,-1
397000,-1
397050,1
397100,-1
397150,-1
397200,-1
397250,-1
397300,1
397350,-1
397400,-1
397450,1
397500,-1
397550,-1
397600,1
397650,-1
397700,-1
397750,-1
397800,-1
397850,1
397900,-1
397950,1
398000,-1
398050,-1
398100,-1
398150,1
398200,1
398250,-1
398300,1
398350,-1
398400,-1
398450,1
398500,-1
398550,-1
398600,-1
398650,1
398700,-1
398750,-1
398800,-1
398850,-1
398900,-1
398950,-1
399000,-1
399050,-1
399100,1
399150,1
399200,-1
399250,-1
399300,-1
399350,-1
399400,-1
399450,1
399500,1
399550,-1
399600,-1
399650,-1
399700,-1
399750,1
399800,1
399850,1
399900,-1
